# Created by Octave 3.6.2, Thu Jul 14 17:21:30 2016 BRT <moamello@debian1>
# name: X
# type: matrix
# rows: 7
# columns: 5
 0 0 0 2 2
 0 0 0 3 3
 0 0 0 1 1
 1 1 1 0 0
 2 2 2 0 0
 5 5 5 0 0
 1 1 1 0 0


