# Created by Octave 3.6.2, Thu Jul 14 17:20:24 2016 BRT <moamello@debian1>
# name: X
# type: matrix
# rows: 2
# columns: 2
 1 1
 7 7


