# Created by Octave 3.6.2, Thu Jul 14 17:23:13 2016 BRT <moamello@debian1>
# name: X
# type: matrix
# rows: 11
# columns: 11
 0 0 0 0 0 4 0 0 0 0 5
 0 0 0 3 0 4 0 0 0 0 3
 0 0 0 0 4 0 0 1 0 4 0
 3 3 4 0 0 0 0 2 2 0 0
 5 4 5 0 0 0 0 5 5 0 0
 0 0 0 0 5 0 1 0 0 5 0
 4 3 4 0 0 0 0 5 5 0 1
 0 0 0 4 0 4 0 0 0 0 4
 0 0 0 2 0 2 5 0 0 1 2
 0 0 0 0 5 0 0 0 0 4 0
 1 0 0 0 0 0 0 1 2 0 0


